-0.210748 -0.210084 1.65226
-0.358079 0.373728 5.96336
-0.0725719 0.516427 0.00405849
0.156437 -0.0996783 -0.31877
4.35941 2.01119 11.5865
-0.0931057 0.213266 -2.33221
0.177096 -0.771353 -42.9476
0.627095 -0.21293 -54.9622
0.161221 0.518234 -13.4468
0.322358 0.0229114 -11.8274
-0.239599 0.294556 -5.92699
0.173213 0.555786 -6.6713
1.69763 -0.686147 -8.9753
-0.235368 -0.0954781 38.0461
1.12316 0.480508 12.4138
-0.323667 -0.400172 5.32329
-0.0268778 -0.0204239 0.0422263
0.0879083 0.0533857 8.88734
0.0251287 -0.310646 7.08763
0.0982013 -0.140286 6.14873
0.186699 0.371538 5.93043
-0.0136359 0.663817 3.02168
1.12443 0.0132899 6.32029
0.243653 -0.564519 4.89668
-0.0211738 -0.171998 67.2828
0.0188339 -0.00639478 6.57963
-0.315078 0.0124689 0.726652
-2.167 -0.517136 11.3592
-0.556644 -1.09276 8.72589
0.125306 -0.702288 -33.467
0.666021 -0.440985 -8.93272
0.106948 -0.363146 0.0472315
0.107014 0.217872 1.58602
-0.245295 -0.263914 27.5099
0.0366583 0.672689 -1.61263
0.560825 1.67703 -1.24966
0.728385 1.59461 1.01894
-0.181071 -0.00454931 -0.18894
-0.741126 2.21996 0.0679936
-0.289671 -0.159282 -0.305588
-0.354357 -1.25779 -0.29493
-0.890896 -2.06752 -1.26127
0.181692 -0.490251 -0.19019
0.337932 -1.26566 1.72689
-0.222534 -0.2059 1.47743
-0.625133 0.0264837 0.608956
-0.786168 0.0436207 3.33847
0.0576907 0.010716 1.42192
0.856889 -0.204782 16.2862
0.235187 -0.57233 23.1549
1.1725 0.68661 29.2004
-0.220471 -0.0159742 4.97241
-0.284348 0.698011 35.9703
-0.264301 -9.37192e-05 73.3533
-0.21099 -0.0736616 11.9046
0.504525 0.401049 -0.603874
-0.876594 -0.41418 -2.54575
0.688683 0.120935 -10.8504
-0.238437 0.0561989 -23.0812
-0.404302 0.572375 -60.4966
-2.06108 -0.89045 -11.5636
0.297186 -0.191805 -1.55584
-0.532776 -0.107588 -14.2154
-0.998081 -1.53481 -29.0327
0.440306 0.862805 -350.987
0.215707 0.258171 -36.6637
-0.0423906 0.539743 -15.5466
-0.0526285 0.157509 -15.9612
0.00176255 0.595781 -33.0505
-0.519089 -0.0414913 -14.7086
-0.348327 -0.485266 -22.1178
-0.376899 -0.0871543 -6.50607
-0.266897 -0.52636 -2.34402
-0.0191831 0.459352 3.31113
0.42483 -0.0275361 8.45821
0.597742 -0.574822 8.30343
-0.245509 -0.318004 0.96114
-0.0423047 0.169596 0.566434
4.18241 1.00044 -2.53841
0.951586 -0.192129 448.171
0.110022 -0.550693 282.452
-0.0409488 0.259776 -304.414
0.540288 -0.374929 -94.0276
-0.517525 0.62219 -100.297
0.379555 -0.106783 -1.83583
-0.361923 -0.0359528 -0.774154
-0.405451 -0.0414286 -0.234362
-0.615557 0.0075391 0.429203
-0.215127 -0.197472 15.4286
-0.214174 -0.434006 64.6442
0.328006 -0.0833071 63.5333
-0.0977453 -0.161152 1.62816
0.396205 -0.285791 1.95162
-0.293456 0.33696 -24.7365
-0.782193 -0.679278 -356.21
-0.0902837 -0.332406 -112.857
2.78511 1.67207 8.48922
1.53147 0.94188 4.77262
0.65653 0.271547 3.84742
0.0297776 0.527593 5.09563
-0.133343 -0.523171 3.09594
1.50701 -0.0627974 31.2627
0.399075 -0.0504563 16.2343
-0.165143 -0.139346 -7.02592
0.454741 -0.690192 -32.9018
0.691822 -0.142589 -29.0722
0.805657 0.641625 -31.7142
0.56755 -0.0110459 -7.30126
0.275822 -0.0411854 -1.10216
0.40039 0.104582 -1.92185
0.49022 0.017761 1.68567
0.240131 -1.03869 4.72517
-0.0429029 0.230199 3.47528
-1.0692 0.233179 23.2977
-0.409359 -0.539145 29.8193
0.537037 0.0181805 1.29518
-0.261331 -0.192022 0.526578
1.10369 1.02741 0.359577
-0.0960555 0.259356 36.3317
0.0135873 0.261201 22.3158
0.343807 -0.373283 49.1364
-0.0511696 -0.458439 1.65021
0.0800417 0.267718 1.49041
-0.510127 0.0836822 1.80661
-1.61419 -0.0226034 8.15311
-0.811133 -1.15727 8.03086
0.441734 -0.0140621 118.069
0.0581492 -0.162823 73.2363
1.03549 0.862179 -3.15619
0.458483 0.755351 -5.1831
0.250455 0.378962 -0.679761
0.147422 0.058288 0.00177791
0.0765155 0.547422 0.477665
0.172794 0.245864 -0.060343
-0.445693 0.499074 -0.0697104
-0.209683 -0.381275 -0.268043
-0.334661 -0.210262 0.274915
-2.33553 -1.6443 -0.664493
0.248994 0.0118478 -0.511745
0.0950729 -0.488714 0.0879325
-0.0816303 -0.711888 0.73033
-0.0874703 0.0206005 -0.0815053
0.28393 -0.628297 0.157837
0.641612 -0.233655 0.682795
-0.163156 0.0722289 0.271249
-1.24632 -0.610492 1.73639
-0.260408 0.0656065 0.703701
-0.247325 -0.00652605 1.38436
-0.116618 0.142173 0.135654
-0.568301 0.788758 1.87443
-0.11916 0.0631997 1.16232
-0.219834 0.279392 1.10907
0.833258 0.0673541 5.65348
0.00447321 0.260778 2.16326
0.269339 -0.261746 5.2101
-0.83296 0.340921 80.8162
-0.31671 -0.137843 72.6487
0.471956 -0.337848 14.4448
-0.191266 -0.0938262 1.774
-0.255923 -0.168989 -0.311855
-0.675674 0.882351 -14.1496
-1.13017 -0.909415 -5.34063
-0.365877 -0.893775 -6.33732
-1.25264 -1.07258 -21.8303
-0.279093 -0.343413 -2.30627
-0.231626 0.128715 -28.8293
0.0807992 0.162738 -19.6573
-0.0466446 -0.0493089 -146.606
-0.361991 0.0133546 0.229761
-0.0182937 -0.296558 0.241343
-0.0436281 0.0613282 0.0779646
0.157633 0.147562 11.5659
-0.409204 1.42587 102.839
-0.126898 -0.0982951 42.3237
0.0442918 0.0490188 2.68377
-0.404241 0.259177 30.014
0.0622919 -0.328298 33.9495
0.380508 0.117066 5.59356
-0.0134989 -0.220267 0.0919497
-0.123724 0.116232 -0.205648
-0.632264 -0.906044 293.213
-0.588073 0.269871 -287.286
-0.100491 0.791416 -194.208
-0.0953309 -0.462162 -6.38847
-0.0829155 -0.0794076 0.203148
0.530726 -0.38147 -0.498831
0.23727 0.235815 0.00736084
-0.166492 -0.00907224 2.42989
-0.438404 -0.331528 102.284
0.0541134 0.150352 18.927
0.0832251 0.155073 0.108756
0.087162 0.0495456 0.410288
0.664541 -0.00507834 2.91523
-1.06121 -0.802458 -1.04266
-0.75696 -0.454457 -0.765439
-0.502407 0.0952208 -0.0491807
-0.554636 0.246217 -0.01196
-0.616808 -0.343603 -0.450732
-1.19701 -0.793406 -1.10943
-0.572282 -0.217725 -0.3682
-0.0165419 0.0605359 -0.00527659
0.46101 -0.0740557 -72.0892
0.0672645 0.0203739 -19.4942
-0.0277111 -0.0585104 -0.129588
0.163069 -0.374025 -0.757348
3.17237 1.43089 9.15095
2.50015 1.26022 7.34123
-0.264788 0.267381 6.50012
-0.00794132 -0.0098755 0.0659603
0.394679 0.247346 -9.6953
0.050435 0.163283 -2.52719
-0.0898735 0.55366 -10.0452
-0.120877 0.569693 -8.27721
-0.0263382 0.014274 -0.0239766
-0.0571438 -0.174457 -0.472757
0.624036 0.461701 -6.67533
0.0431354 -0.00739928 0.0493438
0.0840442 -0.332317 0.474349
-0.175096 -0.401922 1.0144
-0.183581 -0.0485247 0.382167
-0.10074 -0.436886 47.466
-0.14703 -0.208405 24.334
0.101822 -0.43694 35.1754
-0.016827 -0.165858 18.8523
0.266202 -0.16468 1.62519
0.0487851 0.178232 1.65902
0.012612 -0.00178224 1.71656
-0.199937 -0.561195 79.7716
-0.207256 0.0128261 24.7609
-0.0587889 0.0536611 4.30062
0.108209 -0.139721 1.65475
0.0688777 -0.418596 4.16012
-0.488421 0.107886 2.11967
-0.238766 -0.0392665 1.03449
-1.07449 -0.0219044 4.22341
-0.669911 0.0906394 2.56547
-0.0434204 0.0915768 0.952209
-0.0887714 0.0245424 0.290419
-0.417054 -0.282998 2.05042
-0.186418 -0.125421 1.29278
0.00529415 0.0161723 -0.120926
-0.567273 0.603017 -3.55195
-0.124002 0.119003 -0.0725313
-0.0787957 0.0780169 -0.200129
-0.115442 0.212208 -0.0402884
-0.13484 0.164054 -0.167476
0.0759276 0.229049 -0.0889986
0.0720813 0.334018 0.0317473
0.0536737 0.164277 0.0354532
-0.0602088 0.090012 -0.0272272
-0.0796647 -0.00449521 -0.144362
-0.0373395 0.134862 -0.329191
-0.695899 -0.731396 0.0724642
-0.122212 -0.276777 -0.210711
0.219425 -0.335071 -0.0736141
0.195512 -0.218854 -0.168019
0.322031 -0.363403 -0.048924
0.113488 -0.0835725 -0.0279758
-0.0932019 0.134055 1.62638
0.0571537 -0.149431 2.77233
0.243214 -0.168951 3.22512
-0.0130666 -0.014865 0.0860583
0.114538 -0.082608 3.66976
-0.00865955 -0.0678234 0.729695
-0.422349 0.475404 8.72884
0.0758904 0.045612 4.24591
-0.110334 0.0464263 15.9213
-0.328569 0.421622 50.4975
0.0721032 -0.156084 5.81852
-0.0341394 -0.0286338 3.77474
0.0270568 -0.0495603 0.956043
-0.306051 -0.274704 0.43858
-0.0254216 0.15987 0.0231193
-0.0915172 0.148364 -0.761453
-0.170563 0.155177 -0.534145
-0.14169 -0.217539 -0.554247
-0.34822 -0.25346 -0.752584
0.367523 0.311506 -38.1747
-0.165379 0.347302 -43.6968
-0.0955547 -0.170383 -68.7101
-0.057136 -0.008604 -8.36415
0.281392 0.172041 -29.518
-0.248684 0.0937771 -36.883
-0.00521779 -0.00344753 -6.93706
-0.276822 0.450943 -26.52
0.0301558 0.0604621 0.0684947
0.154649 0.108085 -0.0284716
0.0596799 0.0946027 0.237163
-0.064968 0.0374348 0.220327
-0.0945933 -0.0347572 0.597948
-0.162418 -0.309618 2.07811
-0.00732875 0.0058105 0.00176428
0.0878014 -0.217098 0.892161
0.0309165 0.045589 0.389738
-0.0855757 0.165651 0.563045
0.214697 0.403234 1.43001
0.0415911 0.00705815 0.0852052
0.0299829 0.0974419 -63.8489
-0.22978 -0.00262075 -31.4788
0.064894 0.134587 0.0673125
0.155547 -0.109623 0.0111487
0.226364 -0.0425979 0.211783
-0.0674137 0.414416 5.19171
0.226068 -0.194272 7.76003
0.686309 -0.104499 1.42074
0.0586307 -0.0397949 0.226803
-0.046929 -0.505086 0.747495
0.0561222 -0.124375 0.18963
-0.0156534 -0.237241 -36.3737
0.0166752 -0.0128324 -14.5957
0.293449 0.0839393 1.14735
0.223223 0.159508 1.42878
0.104247 -0.155107 -1.39919
0.212264 -0.0756204 -1.37641
0.730318 0.314073 -31.5589
0.103493 -0.0732029 -5.74734
-0.0841714 -0.0381525 -2.23539
-0.0174387 -0.126712 -6.62476
-0.06491 0.278757 -10.2348
0.0128897 -0.00543541 -1.52479
-0.0785782 0.394257 -4.05568
0.0572727 0.333244 -3.51563
-0.118494 0.105197 5.12639
0.141655 0.173925 22.5189
0.559063 -0.205734 3.55592
0.0283165 0.0193604 0.257264
0.709486 0.548132 4.3446
0.0703406 0.0124266 0.271746
0.0360573 -0.00117705 0.0389174
-0.0959433 0.114317 0.116097
0.272009 0.521007 381.557
0.155131 0.229737 80.7365
-0.0375135 0.0888575 1.37812
0.0489673 0.0530966 3.22561
-3.10028 -0.811455 14.9177
-0.000291043 0.000463741 -7.99912e-05
-0.406927 0.09414 1.58423
-0.887897 0.313208 2.94925
-0.325503 -0.185446 1.91361
-0.0612028 -0.119543 0.830089
0.0052942 0.142394 24.1541
0.169885 0.214607 8.87083
0.0326792 -0.145698 -0.0980972
0.0953401 -0.105902 -0.263237
-0.132106 0.00269713 -0.108974
-0.366569 0.206978 -0.198182
-0.156233 0.0854229 -0.340148
-0.135535 0.237268 -0.376194
-0.215842 0.0575031 -0.0694472
-0.495329 -0.460879 -0.310355
-0.0504507 0.00610666 0.0878109
0.0602747 -0.0712697 0.0721503
0.153767 -0.036825 0.17664
0.376889 0.0140905 0.190155
-0.0181381 0.0934363 0.0305569
-0.309178 0.249166 0.171592
0.354026 0.156706 8.81
0.598298 0.453825 18.788
-0.000301818 0.160809 1.4736
0.00981339 0.0114371 1.23564
0.0851589 0.13819 5.69089
0.0477199 0.162185 12.5813
-0.206836 -0.0382029 11.3891
-0.121749 0.0832267 7.39096
0.0857102 -0.0104446 -0.298453
0.454101 -0.0129092 -0.763288
-0.0720807 0.0935726 -3.2668
0.0426785 0.00710939 -0.553794
-0.263776 -0.35694 -8.79537
0.00516585 -0.0812382 -1.9401
-0.457423 -0.215734 -204.315
0.0363858 -0.0104349 -34.7184
-0.0780576 -0.310358 -24.1486
-0.14903 -0.185867 -14.1557
-0.0525928 -0.0608824 -16.5579
-0.166856 -0.0945684 -14.656
0.200945 -0.061448 0.118776
0.135628 -0.0470707 0.242915
0.219881 0.0694024 -0.0810954
0.0490121 -0.0349636 0.0220547
0.102705 0.0285552 0.201077
0.35165 0.183884 1.44472
0.0964005 0.360485 1.49304
-0.0339477 0.03264 0.200178
-0.247185 -0.0304318 0.300558
-0.219294 -0.00953779 0.512835
0.0749422 -0.0535187 -0.18319
0.985352 -0.252265 -1.52697
0.0407932 -0.0890757 19.948
0.0831638 -0.0716652 71.5122
-0.0152942 0.293798 -4.20696
-0.0642109 0.154411 -3.9427
0.150931 0.0619606 -0.353683
0.126639 0.112556 -0.148849
-0.0158378 -0.0688189 0.125174
-0.0725583 -0.0413218 -0.00832876
-0.155693 0.115882 3.83108
0.0907753 -0.138245 8.5428
-0.148559 0.0224781 -0.0673396
-0.441061 -0.00994765 -0.468533
0.0236769 0.0471618 -27.8022
0.0707564 0.0558081 -8.69603
-0.0512223 0.0566859 -5.87645
0.0297623 -0.0514805 -5.7745
0.0818665 0.020782 -15.9753
0.023883 0.0690903 -52.3341
0.100797 0.227595 -11.6271
-0.033514 0.0166107 -2.15064
0.278308 0.0959105 -2.69983
0.0544711 0.100727 -0.93589
0.156852 0.0264565 0.190712
0.0489525 -0.0707405 0.170703
0.058186 0.00802282 0.506822
0.133239 0.289631 2.20069
-2.64003 0.128852 9.10636
-0.41009 0.0112413 1.61349
-0.0365019 -0.0292236 -0.0150286
-0.125383 -0.00969057 0.188633
-0.0152198 -0.239781 -0.013191
-0.10815 -0.203398 0.0777271
0.630881 -1.06474 -0.0870135
1.22986 -1.30039 0.641174
0.320175 -0.444507 0.146024
-0.0125621 -0.019488 0.00630389
-0.0925784 0.114027 0.420451
0.0200692 -0.0288336 4.47685
0.129492 0.132748 12.5006
0.00196627 -0.0464847 0.586405
0.0204098 0.0641014 3.11646
0.354777 0.44706 33.8005
0.370231 0.0330623 9.28287
-0.11726 0.177397 3.8233
-0.0241805 0.287936 4.14138
-0.117605 -0.0378204 8.51917
-0.566945 0.106677 35.4116
-0.0426537 0.267316 11.3044
0.0425294 0.0523073 0.930734
-0.168392 0.649943 -18.5949
-0.0159551 0.0155806 -1.56533
-0.11682 -0.033114 -109.523
-0.111512 0.0498334 -47.1955
0.192615 -0.127958 0.849886
0.0102832 -0.046983 0.485813
-0.169807 0.164745 6.6819
-0.250848 0.100642 5.29032
-0.329838 -0.121079 1.40746
-0.0498391 -0.0585636 0.156953
-0.0171785 -0.169021 0.448568
0.0338669 -0.0639206 0.0524476
-0.176651 -0.0448616 -0.919917
-0.349609 -0.300282 -2.121
-0.27547 -0.187461 -3.7827
0.00401339 0.0124476 -0.0690993
0.35042 0.286195 -0.42272
0.0615213 0.0244792 -0.00869656
0.230713 0.400023 -0.677108
0.351759 0.359134 -0.853623
0.0446624 -0.020882 0.391235
0.163425 -0.0744946 5.42696
-0.000426002 -0.0242143 0.256593
-0.13396 -0.254308 12.7038
0.0535924 -0.153892 0.0588833
0.034266 0.0219403 0.0406163
-0.430437 -0.679266 -348.413
1.02053 -0.483337 -1392.16
-0.529064 0.0935993 -0.908088
-0.234255 -0.234845 -0.531923
-1.32013 -0.228683 -1.21583
-0.262825 -0.16217 -3.05263
-0.360943 -0.198452 0.201893
0.44034 -0.165552 0.685194
-0.237993 0.834915 2.63338
-0.412959 -0.085651 1.61915
0.499232 -0.170026 3.80182
0.2886 -0.00592104 2.62544
-0.0642357 0.0885168 0.155581
-0.240489 -0.117362 -0.741187
0.205215 -0.731985 -2.03833
0.828974 -0.385311 107.976
0.48479 -0.535615 57.5366
-0.10047 0.00862965 2.60186
-0.716624 0.626982 26.8193
-0.0407253 -0.0688745 1.0899
-0.102946 0.103937 7.70731
0.601923 -0.0482217 6.44153
-0.161637 0.209834 0.545412
2.50151 -0.121154 -3.03514
0.192916 -0.114561 -0.168339
0.428831 1.923 -1.63343
-0.0992622 0.112671 0.151416
-0.348066 2.74158 5.00806
-0.468313 1.58958 3.92665
-0.0223446 0.455964 0.605282
0.180969 0.28665 0.073183
0.471232 0.482131 -7.64011
-0.41302 0.277596 -3.17899
0.359451 -0.0785827 -3.86065
-0.218268 0.107498 -6.6353
-0.390093 0.079397 -8.3867
-0.803019 0.396692 -18.8885
0.0315167 0.027868 -12.2413
0.594723 0.498387 -179.967
0.163305 -0.272948 -16.6846
-0.419193 1.53104 -39.3972
0.0147799 0.455139 -3.35161
-0.208608 -0.335361 -3.54185
-0.0737697 0.141006 -0.184866
0.525588 0.801896 -1.70498
-0.424578 -0.00283559 -1.31945
0.146793 0.847584 0.743512
-0.481308 0.433123 0.242843
0.12339 0.424668 0.214015
0.00992774 0.186243 0.695636
0.111008 0.710705 8.59945
-0.0603703 0.0752839 3.6385
0.015041 -0.36268 55.7065
0.279085 -0.00722304 779.642
-0.681059 -0.718028 -1.31603
-0.238367 -0.348298 11.7005
-0.355101 -0.292615 0.179844
-0.0165002 -0.82447 0.648581
0.225026 0.0334341 0.373018
0.392618 -0.49293 -1.1999
0.268039 -0.0738853 -0.00687603
0.0830925 -0.118166 -2.00935
-0.083927 -0.409795 -0.0968657
0.345542 -1.64847 179.312
0.605616 -0.412668 125.085
0.673495 -0.878111 171.879
-0.228899 0.157919 9.06229
-0.118102 0.549697 60.6695
-0.0184305 0.585107 28.2153
0.114828 0.0314297 2.61051
-0.0202109 -0.664886 1.64045
0.203532 -2.37622 -0.41257
-0.281255 -0.311934 0.0142504
0.204914 -0.140243 -0.864255
0.724058 -0.00064349 -1.61963
0.175932 0.163965 -0.050373
-0.00977966 0.583662 -0.823758
0.896525 0.914402 -1.18556
-0.494873 1.23093 -0.480264
-0.78409 0.347801 -0.0657736
-0.549827 0.755798 2.46528
-0.370753 1.11342 6.96031
-0.421434 -0.355907 1.64811
-0.256101 0.255902 0.491068
0.225377 0.0388882 -0.000645947
0.0265202 0.127252 -0.0905847
-0.259449 -0.728005 0.589647
-0.285301 -0.420581 -0.432792
-0.608586 0.147026 -2.81553
-0.427213 0.17532 -17.8041
-0.101512 -0.216679 -2.89652
-0.258294 0.419362 -8.48838
0.288629 -0.0137953 -3.64108
0.143555 0.420231 -42.9749
-0.189414 0.439686 -81.295
0.631965 0.021314 -238.62
0.134921 0.784549 -27.9265
-0.219366 0.136599 -16.422
0.254556 -0.23864 -0.45285
-0.833405 1.13789 -0.0961546
0.00179123 0.377177 2.21013
0.543975 0.543798 85.2902
0.450964 -0.267491 25.9704
0.098567 0.307289 61.2443
0.0662711 -0.473481 60.08
0.816132 0.0918043 15.4686
-0.967328 -0.230617 -0.362552
-1.32988 -0.331486 -0.545732
-0.381485 -0.524494 -0.458262
-0.760038 -0.751485 -0.761994
-0.600778 -0.0445905 -2.62886
-0.296226 0.208285 -1.69264
0.0135237 0.0108566 -0.0180382
0.0385601 0.447795 -1.88578
-0.408664 -0.411937 -10.9988
-0.124091 -0.543249 -13.2019
0.166121 0.0705475 -0.927676
0.203461 0.0651062 -0.547768
-0.0198099 0.0131999 0.262757
-0.15564 0.0335306 0.246877
0.201823 -0.161289 0.461546
-0.00725097 0.00475088 -0.00397677
0.191952 0.00156455 0.434906
0.21257 0.106887 0.856117
0.52305 -0.718288 21.374
-0.101691 0.0647924 2.17302
-0.123276 -0.0606068 3.59035
0.00278617 0.00775593 3.51064
0.172802 0.0530695 6.02907
-0.125731 0.108931 0.0707795
0.0237162 0.0269178 0.0677041
-0.0790431 -1.34665 -1.80263
0.0860318 -0.383127 -0.311166
0.0991631 -0.000152349 0.00147752
-0.0248466 0.00914547 -0.0605618
-0.105575 -0.0525769 -0.13109
-0.0725504 -0.110229 -0.41976
0.407148 -0.603764 -1.49766
0.568117 -0.703758 -1.04391
0.0166223 0.0121879 -0.451571
0.00453503 -0.217862 -1.89743
-0.0893047 -0.0262851 -3.98638
-0.0176821 -0.0461033 -0.423466
-0.178042 -1.32818 114.357
-0.000575954 -0.766939 66.3713
0.0373943 -0.853064 84.3515
0.475756 -4.64081 476.884
-0.242441 -0.386019 65.7212
-0.000262447 -0.715768 82.4288
0.171365 -0.171088 24.5477
0.0678443 -0.02264 18.7096
0.0606386 0.121167 35.6611
0.020482 -0.036515 14.8529
0.231635 -0.680153 74.1029
0.324275 -1.15997 142.018
-0.300026 -0.164867 83.0901
-0.0217127 -0.0773047 15.1407
-0.0238005 -0.3894 17.655
0.088156 -0.230584 10.0957
0.25334 0.0756219 2.28026
0.104989 -0.198452 2.58343
-0.022032 -0.204358 1.18712
0.543362 -0.0577497 3.07522
0.0804704 -0.754871 0.152536
-0.131858 -0.0239748 -0.0742315
0.117548 -0.230682 -0.0151922
1.01805 0.0122894 -1.14698
0.202995 0.0236388 -0.379828
0.048076 0.118584 -0.526364
0.513364 0.165594 -0.607916
0.369201 1.38111 -1.55939
0.00534753 0.206338 -0.11396
-0.21284 0.663355 7.4356
0.00126859 0.0220102 0.631585
-0.43164 0.415814 1.31648
-0.907438 0.914239 3.33594
-0.0428785 -0.134901 0.153134
-0.193592 -0.129078 0.383842
-0.703044 -0.261761 -0.520205
-0.772471 -0.499843 -0.739085
0.0712637 0.269801 -1.19987
0.240929 0.304335 -1.60757
-0.321213 0.0610353 -1.19531
-0.453026 0.0119808 -2.27848
-0.106604 0.0321679 -4.27754
-0.582704 -0.156829 -16.6779
-0.105435 0.304179 -3.23631
-0.018775 0.253871 -3.79015
-0.0283033 -0.106425 -6.44569
0.256309 0.0222169 -6.41829
-0.079704 0.160396 -14.8376
-0.327802 0.811762 -19.9541
-0.0753438 0.0024233 -1.2637
0.00602615 0.0437386 -3.75406
-0.205165 -0.095255 -9.96622
0.0769957 -0.131633 -5.97574
-0.13183 0.526559 -86.5235
0.0279672 0.0430494 -7.20694
-0.594507 0.745757 -299.188
-0.0963018 0.0352077 -27.13
-0.0137164 0.0079765 -0.498626
-0.0264375 0.528005 -48.5252
0.115204 0.155956 -3.09447
0.176053 0.546097 -11.6838
-0.23866 0.539036 0.28816
-0.183616 0.382905 0.342878
0.0375805 0.0826435 0.178962
0.18679 0.299822 0.269912
0.129882 -0.125299 1.09667
0.0957714 -0.121527 2.10065
-0.0154978 0.195118 14.0106
0.024081 0.314683 37.7972
-0.214497 -0.1158 1.34876
-0.15744 -0.199868 2.0211
0.0307991 -0.0260569 -0.100038
0.182823 -0.011932 -0.0561656
0.323668 -1.09186 75.7078
0.0416001 -0.367297 27.4906
-0.0954936 -0.0587274 40.7119
-0.0982926 -0.157956 30.5586
0.0215116 -0.0150014 0.55032
-0.17195 -0.268283 11.0586
0.0377024 0.227042 7.9414
0.396998 0.794117 30.0188
0.018284 0.00305785 0.952747
-0.119778 0.0410987 1.11265
0.21946 -0.1798 0.572766
0.799717 -0.354599 1.8429
1.95535 1.59865 -2.51177
0.208487 0.223105 -0.271937
0.142869 0.454324 0.381204
0.123287 0.393241 0.507856
-0.915158 1.16094 1.77043
-0.00613252 0.033237 0.0628058
-0.0183524 0.0586886 0.0620903
0.0343506 -0.0650218 0.102917
-0.0536617 -0.00375146 0.354507
-0.58044 0.321234 2.81897
0.167568 0.0285021 0.19914
0.300602 0.249991 0.499779
-0.137702 0.0559972 0.25124
-0.213059 0.0196795 0.760215
-0.138957 -0.164292 -0.10752
-0.117351 -0.176205 -0.280402
-0.00558423 -0.120318 -0.771901
0.126474 -0.101856 -1.45723
-0.0466702 0.0408814 -1.19008
-0.496383 0.154491 -5.37131
-0.0283638 0.0688346 -0.92231
-0.626903 0.669214 -16.4353
0.263887 0.399282 -25.7401
0.66062 0.665722 -48.408
0.516194 0.238731 -137.492
0.169126 0.00168671 -18.4088
-0.0143614 -0.0575178 -15.5137
0.152 -0.181729 -31.5316
0.563325 -0.487076 -94.9433
0.00490729 0.0050729 -0.274933
0.0972701 0.112357 -1.0612
-0.0396855 0.0586729 -0.832151
-0.185064 -0.211499 3.16188
-0.0896905 -0.317297 3.92834
-0.37977 0.0595728 16.294
-0.0112656 -0.0271792 0.938717
-0.01719 -0.078671 -0.033968
-0.353641 -0.0883193 -0.781932
-0.0682909 0.286632 2.79845
-0.392867 0.0879772 2.21421
-0.109254 0.123269 -88.3064
0.0584428 0.84818 -232.011
-0.0510607 0.00672031 -0.398941
0.0646003 -0.0794835 -0.816423
0.00641602 0.00355634 -0.0908662
-0.149416 -0.737591 -9.8175
0.0115509 -0.590634 26.5858
-0.0445927 -0.104739 6.96917
0.192422 -0.10202 2.59061
-0.0147357 -0.0171744 0.785574
0.0138627 -0.0207711 -0.0467761
-0.169349 -0.417887 -0.259745
0.093089 -0.0615841 -0.250946
-0.0156596 -0.111977 -0.452597
0.159969 -0.417638 62.4652
0.0371133 -0.480416 70.2005
0.0854428 -0.185885 28.3224
0.0368655 -0.386068 37.9212
0.622341 -0.317179 6.82333
0.323654 -0.159113 2.69048
0.190349 -0.00926913 0.670095
0.0508703 0.0705673 0.475857
1.27085 -2.11162 -0.885741
0.188131 -0.11976 -0.367577
0.268279 -0.0085786 -0.365884
-0.102045 0.503912 -0.6425
0.00791936 0.226891 -0.180991
-0.0987797 0.133533 0.632353
-0.00600859 0.130058 0.234587
-0.0222968 0.217476 0.279472
-0.100934 0.0920934 0.111953
-0.0188091 -0.00796974 0.00339125
-1.34632 -0.56921 -0.925873
-0.130084 -0.0198118 -5.26807
-0.0679039 0.0720545 -1.93566
-0.049634 0.259947 -8.79679
0.0491011 0.0742491 -4.63704
0.00810549 -0.0135321 -12.2261
0.190203 -0.0976049 -23.8182
0.0485919 0.0771015 -14.517
-0.0320436 -0.0316165 -14.2798
-0.00244415 0.061037 -0.0798119
-0.0676217 -0.0449642 -0.254087
-0.0309769 0.120052 -0.506372
0.0117434 -0.0117048 -0.00281798
-0.0191636 0.0645353 -0.231978
0.0177451 0.326639 -0.45392
0.142917 -0.318349 2.80168
0.013671 -0.0956636 1.51678
0.0765013 -0.251825 39.5891
0.206771 -0.22105 39.0807
0.0844539 0.000258006 -0.0673489
0.0741487 -0.129747 -0.0128188
-0.173733 0.339348 0.587253
-0.0870599 0.0412328 0.205582
-0.255618 0.467865 0.873943
-0.0589148 0.0236003 0.0731703
-0.0170286 0.0648472 0.187907
-0.0206533 -0.0232272 -0.00820496
